0
145
154
153
154
152
139
126
111
80
0
118
137
137
138
138
125
103
95
62
156
171
171
174
162
147
134
115
99
47
115
131
135
153
149
136
118
101
80
16
128
142
146
152
149
138
132
106
92
41
117
131
139
140
144
131
124
104
89
34
160
161
161
165
159
146
138
118
95
44
132
152
155
155
146
143
133
115
85
34
173
174
171
172
158
150
140
122
102
59
128
146
145
145
133
134
132
117
91
53
0
129
136
146
142
138
135
126
111
74
43
0
121
122
128
134
132
125
121
103
74
46
116
122
125
122
127
120
113
99
82
61
107
119
121
125
124
110
102
89
81
53
151
155
151
146
142
134
123
101
84
48
129
134
135
140
135
126
115
98
72
28
143
139
148
158
157
160
139
127
113
88
122
133
147
145
162
151
132
113
93
71
149
152
147
150
152
142
130
118
73
45
137
142
142
138
140
137
124
107
72
32
142
144
150
156
144
133
115
95
67
124
131
138
142
135
134
108
90
66
136
147
150
154
153
140
132
120
103
74
0
124
141
146
149
138
127
114
87
52
161
181
181
182
176
174
152
147
108
89
147
175
171
174
168
165
144
131
92
64
141
151
153
150
144
127
113
79
39
114
121
138
138
128
112
95
67
0
181
185
186
186
183
171
164
131
100
37
168
175
169
172
175
168
160
131
98
29
169
169
171
166
165
151
139
121
86
167
154
155
157
153
145
128
109
78
161
158
156
159
144
125
100
49
140
146
143
137
118
102
79
48
152
161
158
171
157
159
149
134
113
76
7
127
141
140
143
142
137
126
120
98
65
0
145
135
132
126
113
100
78
39
121
117
121
120
103
87
74
46
116
103
107
111
105
100
92
82
54
23
0
73
70
70
60
65
55
46
21
0
126
116
101
78
48
28
20
77
78
58
32
17
23
14
70
75
88
84
93
90
72
53
0
61
53
45
52
52
45
16
0
0
105
104
104
92
79
64
59
15
59
60
58
47
33
24
12
0
141
139
136
139
125
112
101
91
60
97
90
88
88
73
69
56
33
30
130
124
130
127
126
116
109
93
77
35
0
97
97
104
103
87
83
63
20
0
111
114
115
116
106
107
99
102
78
21
0
78
67
65
54
55
56
63
49
0
100
104
107
108
99
83
77
61
36
0
75
63
65
60
59
37
16
0
0
0
96
124
116
115
118
118
114
113
99
79
38
0
0
85
68
57
45
47
42
33
16
0
0
91
89
95
87
88
77
61
45
0
0
64
49
53
26
30
34
26
12
0
110
124
123
128
118
115
102
88
69
39
0
84
80
81
62
59
47
25
0
0
100
96
107
113
109
107
97
85
63
23
0
65
55
56
56
49
39
22
0
0
0
110
123
122
107
101
93
85
59
11
0
0
66
68
66
61
56
52
31
0
112
107
110
112
104
98
88
68
51
22
58
71
72
37
45
38
22
24
17
0
106
101
104
103
107
98
98
95
86
80
66
60
24
83
75
65
63
56
56
46
44
46
40
32
26
0
134
130
129
126
120
105
75
33
86
73
70
76
91
74
49
22
53
60
64
65
65
69
33
52
42
41
45
31
16
0
204
201
215
197
203
189
176
135
134
138
149
152
141
129
95
66
99
108
108
113
102
95
78
64
21
70
61
57
56
57
45
36
23
0
116
122
108
114
104
105
93
81
62
46
88
100
84
82
79
68
55
45
23
12
94
107
101
93
71
41
72
76
90
82
50
27
116
117
113
118
120
104
94
73
46
86
93
93
94
103
93
76
65
46
105
103
100
100
100
98
95
91
80
64
46
24
74
78
70
80
88
91
88
80
70
61
34
20
105
110
122
105
99
91
80
64
11
91
69
76
80
84
79
76
64
17
135
147
140
136
130
122
101
73
123
120
123
128
105
110
80
49
125
122
128
127
122
118
104
91
71
104
86
90
95
89
92
83
78
64
107
106
103
110
122
118
118
116
0
77
76
86
94
127
132
120
117
0
117
109
119
122
119
105
91
71
102
98
102
109
102
98
70
18
0
143
159
151
118
88
51
0
116
139
131
116
84
57
148
170
170
169
161
156
147
127
90
33
124
146
151
154
133
141
130
120
92
49
108
113
118
119
118
119
108
96
73
16
0
72
78
76
92
95
102
94
75
40
130
107
126
130
125
126
111
44
89
89
84
106
120
114
93
46
141
141
140
135
120
115
86
106
113
120
123
123
112
92
115
133
147
143
134
127
115
23
74
90
119
136
127
125
118
0
113
114
112
105
116
104
98
84
51
83
84
84
77
97
103
101
87
54
134
141
146
147
140
133
101
84
29
103
109
122
118
128
105
74
49
0
272
256
253
223
195
152
110
79
226
224
223
217
164
124
83
0
134
132
135
131
129
116
91
83
41
102
96
101
110
113
118
97
84
50
119
119
119
129
129
118
107
81
38
84
75
83
92
101
102
97
71
34
113
125
121
129
125
126
115
100
81
0
94
97
103
101
106
105
98
77
123
122
130
130
123
116
93
69
0
0
91
80
80
84
74
63
33
0
137
136
140
135
129
112
105
81
64
16
99
96
86
89
89
72
57
41
28
0
117
115
114
109
99
76
65
23
0
68
69
68
61
44
23
0
117
110
115
109
110
99
87
72
54
0
100
76
76
78
76
66
51
40
25
0
96
96
94
96
90
85
70
45
0
73
59
62
60
50
39
15
135
130
132
133
125
118
90
79
37
0
108
82
85
86
80
55
48
4
122
117
123
123
119
119
101
85
62
47
85
76
80
86
79
70
52
36
20
0
115
117
110
107
94
85
61
73
67
77
75
64
45
18
96
89
94
83
74
58
42
73
62
59
54
42
27
15
105
105
99
97
87
63
69
63
70
56
36
21
116
109
123
115
113
102
83
73
52
15
0
100
86
85
82
74
52
44
23
0
121
115
112
104
97
77
58
0
82
78
83
73
63
41
19
0
111
110
107
100
95
79
49
74
69
67
60
50
37
9
117
114
124
122
115
98
77
31
76
76
73
80
72
62
45
19
100
95
99
102
96
97
91
82
82
74
68
66
53
39
71
68
72
74
73
66
63
60
57
51
44
45
34
16
116
111
123
123
118
100
83
36
79
77
74
77
74
65
45
0
129
137
134
134
110
89
69
19
0
89
92
86
73
41
21
0
145
142
148
141
135
113
93
71
93
88
94
88
84
60
44
27
119
120
119
112
104
97
86
72
48
89
78
79
83
66
54
38
25
0
106
97
97
86
73
44
74
55
58
55
40
19
99
106
108
115
112
113
116
108
107
104
100
97
90
75
71
70
50
0
0
84
82
79
79
79
75
74
74
67
68
63
55
43
44
30
107
102
107
107
103
98
100
92
94
86
79
73
76
58
42
41
76
73
67
78
74
71
69
67
64
60
53
48
43
22
14
10
84
79
78
68
57
40
60
54
55
42
35
16
106
104
106
107
102
96
87
80
71
60
41
23
78
67
67
64
61
59
57
41
29
24
10
0
130
119
122
128
119
117
119
112
112
109
93
69
72
33
0
89
77
74
81
84
86
89
78
75
77
47
37
21
10
0
113
105
98
84
65
51
0
71
75
65
57
37
20
0
152
148
145
136
124
104
81
38
97
105
112
99
95
74
56
30
122
123
114
111
125
113
110
100
96
92
95
74
67
47
45
24
0
84
81
89
89
85
91
78
86
80
73
54
55
31
26
0
107
108
92
93
80
63
76
68
59
45
41
26
69
85
82
79
72
59
37
70
58
60
57
49
41
0
116
111
114
114
108
91
73
15
0
83
80
84
85
71
46
0
104
104
101
107
107
100
96
95
90
83
76
62
52
25
0
73
73
65
66
70
68
68
55
59
43
42
29
21
0
0
92
118
115
111
106
98
86
75
54
0
0
83
62
79
77
67
55
48
21
0
65
73
79
76
76
74
75
74
58
49
73
56
60
66
62
55
51
43
22
15
125
123
117
117
119
112
106
105
95
90
84
79
68
47
90
76
81
74
71
81
78
73
69
61
49
44
36
0
96
105
99
109
106
106
99
107
103
102
99
97
77
77
62
54
47
42
0
85
79
80
75
82
81
79
78
83
70
69
50
50
37
30
23
20
92
101
114
114
118
100
89
66
72
60
72
74
71
62
50
33
121
122
125
122
116
93
65
104
90
90
85
67
41
28
98
104
101
105
111
106
101
103
93
83
88
72
60
60
45
20
0
71
70
73
85
86
86
79
76
71
69
53
47
44
21
0
99
101
102
97
94
81
53
0
77
67
67
63
59
43
21
0
