nan nan
130.0 100.0
129.0 103.0
128.0 103.0
129.0 105.0
129.0 104.0
129.0 104.0
129.0 104.0
129.0 104.0
129.0 104.0
nan nan
132.0 96.0
132.0 100.0
131.0 101.0
131.0 102.0
130.0 103.0
130.0 102.0
130.0 102.0
126.0 102.0
128.0 102.0
129.0 106.0
127.0 107.0
129.0 107.0
127.0 107.0
128.0 108.0
127.0 108.0
127.0 108.0
126.0 108.0
128.0 108.0
128.0 106.0
132.0 100.0
129.0 103.0
132.0 106.0
128.0 106.0
129.0 106.0
130.0 106.0
128.0 107.0
127.0 107.0
126.0 109.0
125.0 110.0
132.0 115.0
133.0 116.0
134.0 116.0
134.0 117.0
133.0 115.0
135.0 117.0
135.0 116.0
134.0 116.0
133.0 115.0
133.0 115.0
130.0 112.0
133.0 116.0
134.0 116.0
133.0 116.0
133.0 116.0
134.0 117.0
134.0 117.0
133.0 117.0
132.0 117.0
136.0 117.0
89.0 125.0
89.0 126.0
87.0 124.0
88.0 126.0
88.0 126.0
90.0 125.0
90.0 125.0
90.0 125.0
88.0 123.0
89.0 124.0
92.0 121.0
91.0 123.0
89.0 121.0
89.0 125.0
88.0 125.0
91.0 124.0
90.0 124.0
89.0 125.0
88.0 126.0
88.0 128.0
107.0 127.0
110.0 129.0
111.0 128.0
112.0 129.0
111.0 126.0
112.0 127.0
112.0 127.0
112.0 128.0
113.0 128.0
110.0 128.0
104.0 124.0
106.0 125.0
106.0 124.0
108.0 126.0
107.0 126.0
108.0 127.0
107.0 127.0
107.0 128.0
109.0 128.0
108.0 127.0
nan nan
124.0 109.0
127.0 111.0
126.0 113.0
125.0 112.0
124.0 112.0
124.0 114.0
125.0 112.0
128.0 113.0
128.0 111.0
131.0 110.0
nan nan
123.0 107.0
127.0 108.0
128.0 111.0
124.0 112.0
124.0 111.0
123.0 112.0
125.0 112.0
127.0 112.0
127.0 112.0
129.0 110.0
118.0 111.0
117.0 112.0
118.0 112.0
117.0 111.0
117.0 112.0
118.0 111.0
118.0 111.0
119.0 111.0
118.0 111.0
118.0 111.0
117.0 109.0
117.0 110.0
117.0 111.0
117.0 112.0
118.0 113.0
119.0 112.0
119.0 113.0
120.0 112.0
119.0 112.0
120.0 111.0
123.0 96.0
124.0 96.0
124.0 98.0
124.0 96.0
124.0 95.0
126.0 97.0
126.0 97.0
125.0 97.0
124.0 98.0
124.0 98.0
124.0 93.0
126.0 94.0
123.0 96.0
125.0 95.0
125.0 95.0
125.0 96.0
125.0 96.0
123.0 97.0
123.0 99.0
125.0 98.0
142.0 99.0
140.0 99.0
139.0 98.0
138.0 96.0
136.0 95.0
137.0 96.0
137.0 96.0
138.0 96.0
139.0 95.0
141.0 96.0
144.0 95.0
144.0 97.0
142.0 96.0
140.0 94.0
138.0 93.0
137.0 93.0
136.0 93.0
138.0 95.0
137.0 97.0
138.0 97.0
133.0 107.0
132.0 110.0
131.0 111.0
131.0 109.0
128.0 111.0
131.0 109.0
128.0 111.0
129.0 111.0
129.0 109.0
132.0 109.0
134.0 104.0
134.0 107.0
133.0 109.0
132.0 109.0
128.0 110.0
131.0 108.0
128.0 110.0
128.0 110.0
129.0 110.0
133.0 109.0
111.0 85.0
114.0 85.0
116.0 89.0
114.0 87.0
112.0 87.0
113.0 88.0
115.0 87.0
116.0 87.0
119.0 88.0
111.0 84.0
114.0 85.0
115.0 88.0
112.0 87.0
111.0 86.0
113.0 87.0
113.0 85.0
114.0 87.0
117.0 88.0
138.0 81.0
139.0 81.0
136.0 83.0
134.0 83.0
129.0 86.0
130.0 86.0
130.0 87.0
131.0 88.0
131.0 89.0
133.0 90.0
nan nan
143.0 79.0
139.0 81.0
135.0 82.0
131.0 84.0
131.0 85.0
130.0 86.0
132.0 87.0
130.0 91.0
132.0 92.0
95.0 115.0
94.0 134.0
95.0 114.0
95.0 123.0
93.0 115.0
93.0 115.0
95.0 130.0
95.0 113.0
98.0 115.0
97.0 109.0
92.0 114.0
95.0 135.0
95.0 114.0
96.0 122.0
93.0 114.0
93.0 115.0
96.0 130.0
94.0 113.0
99.0 117.0
98.0 110.0
91.0 142.0
90.0 141.0
90.0 140.0
88.0 139.0
87.0 138.0
89.0 137.0
89.0 137.0
90.0 137.0
90.0 129.0
88.0 139.0
87.0 138.0
89.0 138.0
88.0 138.0
88.0 137.0
88.0 137.0
88.0 137.0
89.0 137.0
nan nan
126.0 95.0
128.0 97.0
128.0 97.0
127.0 96.0
125.0 95.0
125.0 94.0
125.0 95.0
126.0 97.0
126.0 98.0
127.0 102.0
127.0 93.0
127.0 96.0
126.0 96.0
126.0 96.0
125.0 95.0
124.0 95.0
124.0 96.0
124.0 97.0
124.0 99.0
124.0 102.0
135.0 121.0
137.0 120.0
137.0 119.0
138.0 116.0
137.0 116.0
139.0 114.0
139.0 115.0
140.0 116.0
140.0 117.0
136.0 119.0
138.0 119.0
139.0 117.0
138.0 116.0
138.0 115.0
140.0 114.0
139.0 114.0
138.0 116.0
139.0 118.0
127.0 116.0
127.0 117.0
126.0 115.0
127.0 114.0
128.0 115.0
128.0 115.0
131.0 115.0
134.0 113.0
130.0 114.0
128.0 116.0
126.0 115.0
127.0 113.0
128.0 113.0
128.0 114.0
129.0 114.0
132.0 114.0
133.0 102.0
130.0 103.0
131.0 103.0
131.0 100.0
132.0 100.0
127.0 101.0
129.0 100.0
128.0 100.0
130.0 99.0
129.0 100.0
132.0 97.0
137.0 97.0
134.0 98.0
132.0 99.0
132.0 99.0
132.0 98.0
127.0 99.0
129.0 98.0
128.0 98.0
130.0 97.0
130.0 96.0
nan nan
127.0 107.0
125.0 107.0
125.0 106.0
125.0 106.0
126.0 105.0
129.0 104.0
127.0 104.0
132.0 101.0
128.0 105.0
124.0 105.0
124.0 105.0
125.0 105.0
125.0 104.0
129.0 103.0
127.0 105.0
132.0 102.0
129.0 119.0
128.0 119.0
129.0 119.0
127.0 118.0
128.0 118.0
127.0 118.0
128.0 119.0
128.0 119.0
128.0 119.0
130.0 119.0
nan nan
128.0 114.0
128.0 114.0
127.0 116.0
127.0 116.0
127.0 118.0
127.0 119.0
127.0 119.0
126.0 119.0
nan nan
114.0 96.0
113.0 96.0
114.0 95.0
115.0 95.0
116.0 96.0
116.0 97.0
115.0 97.0
116.0 92.0
115.0 93.0
113.0 91.0
115.0 91.0
117.0 95.0
114.0 97.0
114.0 98.0
125.0 97.0
124.0 99.0
123.0 99.0
125.0 99.0
124.0 99.0
124.0 100.0
124.0 101.0
126.0 101.0
nan nan
127.0 98.0
124.0 97.0
124.0 96.0
126.0 96.0
124.0 98.0
123.0 100.0
124.0 99.0
nan nan
nan nan
127.0 109.0
128.0 108.0
127.0 109.0
127.0 108.0
128.0 108.0
127.0 109.0
127.0 109.0
128.0 110.0
129.0 103.0
128.0 104.0
127.0 107.0
126.0 104.0
126.0 104.0
125.0 106.0
126.0 107.0
nan nan
116.0 118.0
119.0 121.0
118.0 120.0
118.0 121.0
118.0 121.0
119.0 121.0
120.0 120.0
118.0 122.0
119.0 122.0
114.0 112.0
122.0 112.0
121.0 117.0
118.0 119.0
118.0 118.0
118.0 122.0
118.0 120.0
120.0 120.0
117.0 121.0
134.0 100.0
134.0 104.0
136.0 101.0
135.0 102.0
137.0 102.0
134.0 102.0
134.0 103.0
135.0 102.0
134.0 103.0
135.0 102.0
nan nan
139.0 98.0
140.0 98.0
137.0 98.0
137.0 97.0
137.0 97.0
136.0 99.0
136.0 99.0
134.0 103.0
nan nan
131.0 92.0
130.0 95.0
129.0 95.0
129.0 93.0
132.0 95.0
131.0 96.0
130.0 96.0
131.0 95.0
130.0 94.0
136.0 98.0
nan nan
135.0 85.0
132.0 90.0
134.0 91.0
135.0 94.0
131.0 96.0
130.0 94.0
132.0 93.0
130.0 90.0
nan nan
142.0 86.0
143.0 86.0
142.0 85.0
141.0 86.0
141.0 85.0
142.0 86.0
142.0 86.0
143.0 86.0
143.0 86.0
nan nan
145.0 80.0
144.0 80.0
144.0 81.0
142.0 83.0
142.0 83.0
141.0 84.0
141.0 86.0
nan nan
nan nan
nan nan
142.0 85.0
144.0 86.0
142.0 85.0
141.0 85.0
141.0 84.0
141.0 86.0
141.0 86.0
142.0 85.0
140.0 85.0
141.0 84.0
143.0 85.0
nan nan
nan nan
150.0 80.0
148.0 83.0
146.0 83.0
141.0 82.0
139.0 82.0
140.0 85.0
139.0 84.0
140.0 84.0
nan nan
nan nan
127.0 99.0
127.0 100.0
127.0 100.0
126.0 99.0
126.0 99.0
127.0 99.0
126.0 99.0
126.0 99.0
nan nan
nan nan
128.0 95.0
127.0 95.0
126.0 95.0
127.0 95.0
129.0 97.0
128.0 96.0
126.0 96.0
126.0 96.0
nan nan
124.0 99.0
123.0 104.0
122.0 104.0
123.0 105.0
124.0 106.0
123.0 105.0
123.0 106.0
124.0 106.0
124.0 105.0
123.0 106.0
nan nan
127.0 101.0
123.0 103.0
124.0 103.0
123.0 101.0
123.0 102.0
123.0 103.0
124.0 104.0
nan nan
nan nan
126.0 115.0
126.0 115.0
125.0 115.0
126.0 115.0
126.0 116.0
125.0 116.0
126.0 116.0
127.0 117.0
126.0 116.0
126.0 116.0
nan nan
129.0 111.0
128.0 112.0
128.0 113.0
128.0 116.0
126.0 116.0
126.0 115.0
126.0 116.0
nan nan
nan nan
nan nan
139.0 96.0
140.0 97.0
140.0 96.0
141.0 97.0
142.0 98.0
140.0 96.0
140.0 97.0
141.0 97.0
142.0 98.0
nan nan
nan nan
140.0 91.0
141.0 93.0
143.0 93.0
143.0 96.0
140.0 96.0
140.0 97.0
140.0 97.0
nan nan
125.0 110.0
123.0 110.0
122.0 108.0
120.0 107.0
122.0 104.0
119.0 104.0
125.0 102.0
123.0 101.0
126.0 102.0
130.0 101.0
126.0 103.0
124.0 106.0
125.0 105.0
123.0 102.0
123.0 101.0
121.0 101.0
126.0 101.0
124.0 102.0
125.0 101.0
nan nan
119.0 99.0
121.0 100.0
119.0 100.0
120.0 99.0
122.0 98.0
123.0 99.0
123.0 97.0
122.0 96.0
124.0 95.0
127.0 95.0
128.0 94.0
131.0 95.0
127.0 92.0
125.0 94.0
127.0 97.0
124.0 97.0
124.0 97.0
125.0 97.0
126.0 95.0
124.0 93.0
124.0 92.0
126.0 92.0
130.0 92.0
130.0 92.0
135.0 93.0
nan nan
131.0 104.0
129.0 105.0
126.0 103.0
126.0 102.0
127.0 102.0
128.0 102.0
130.0 101.0
132.0 101.0
133.0 101.0
131.0 102.0
131.0 103.0
125.0 100.0
127.0 99.0
128.0 98.0
131.0 100.0
131.0 100.0
129.0 105.0
131.0 107.0
130.0 108.0
126.0 106.0
127.0 106.0
128.0 106.0
134.0 104.0
126.0 102.0
128.0 105.0
129.0 105.0
126.0 105.0
125.0 105.0
127.0 104.0
nan nan
159.0 121.0
154.0 125.0
152.0 127.0
152.0 124.0
155.0 122.0
155.0 120.0
158.0 118.0
166.0 114.0
163.0 114.0
158.0 117.0
155.0 123.0
155.0 122.0
154.0 117.0
156.0 118.0
162.0 114.0
173.0 110.0
134.0 92.0
129.0 93.0
127.0 92.0
125.0 88.0
129.0 88.0
130.0 88.0
135.0 90.0
134.0 89.0
136.0 89.0
135.0 86.0
133.0 87.0
133.0 88.0
128.0 85.0
130.0 85.0
132.0 86.0
136.0 89.0
135.0 87.0
nan nan
130.0 105.0
125.0 109.0
134.0 106.0
127.0 107.0
127.0 106.0
127.0 108.0
131.0 105.0
131.0 105.0
133.0 104.0
138.0 103.0
130.0 100.0
126.0 106.0
136.0 104.0
127.0 106.0
127.0 105.0
126.0 107.0
132.0 103.0
131.0 104.0
134.0 103.0
138.0 104.0
111.0 77.0
110.0 78.0
111.0 77.0
112.0 76.0
112.0 76.0
114.0 78.0
114.0 74.0
111.0 74.0
111.0 73.0
111.0 73.0
114.0 74.0
113.0 79.0
110.0 102.0
110.0 103.0
108.0 103.0
108.0 103.0
108.0 102.0
109.0 103.0
110.0 104.0
109.0 103.0
109.0 102.0
112.0 99.0
111.0 104.0
112.0 105.0
111.0 103.0
109.0 102.0
109.0 100.0
109.0 101.0
108.0 101.0
109.0 101.0
105.0 76.0
105.0 76.0
104.0 76.0
103.0 75.0
103.0 75.0
103.0 75.0
102.0 76.0
104.0 76.0
105.0 77.0
105.0 77.0
106.0 78.0
107.0 80.0
107.0 72.0
106.0 73.0
105.0 74.0
103.0 73.0
102.0 74.0
101.0 74.0
101.0 75.0
103.0 75.0
103.0 76.0
103.0 77.0
105.0 78.0
103.0 79.0
106.0 129.0
106.0 130.0
106.0 131.0
107.0 131.0
107.0 130.0
105.0 130.0
105.0 130.0
106.0 130.0
106.0 130.0
104.0 124.0
104.0 127.0
106.0 128.0
102.0 129.0
101.0 125.0
101.0 123.0
102.0 125.0
103.0 125.0
104.0 123.0
128.0 87.0
126.0 87.0
124.0 88.0
122.0 88.0
126.0 97.0
123.0 98.0
124.0 97.0
124.0 97.0
129.0 81.0
128.0 82.0
125.0 83.0
125.0 83.0
124.0 93.0
121.0 94.0
122.0 91.0
121.0 90.0
64.0 101.0
67.0 101.0
67.0 101.0
66.0 102.0
65.0 103.0
64.0 102.0
64.0 100.0
65.0 101.0
65.0 100.0
62.0 97.0
65.0 96.0
66.0 99.0
64.0 102.0
62.0 103.0
60.0 101.0
61.0 100.0
62.0 100.0
65.0 101.0
92.0 149.0
90.0 144.0
90.0 144.0
89.0 146.0
93.0 153.0
91.0 147.0
80.0 146.0
81.0 145.0
nan nan
88.0 148.0
88.0 144.0
88.0 143.0
85.0 146.0
92.0 152.0
90.0 146.0
78.0 146.0
80.0 144.0
nan nan
124.0 110.0
122.0 109.0
120.0 108.0
119.0 107.0
120.0 105.0
120.0 103.0
123.0 100.0
123.0 103.0
122.0 106.0
116.0 108.0
114.0 107.0
115.0 106.0
116.0 105.0
117.0 102.0
119.0 101.0
122.0 100.0
nan nan
113.0 135.0
112.0 137.0
113.0 134.0
114.0 135.0
113.0 134.0
114.0 135.0
nan nan
110.0 132.0
110.0 135.0
110.0 134.0
111.0 134.0
110.0 135.0
111.0 137.0
146.0 94.0
146.0 94.0
146.0 94.0
146.0 93.0
147.0 95.0
148.0 94.0
148.0 94.0
147.0 92.0
149.0 92.0
146.0 95.0
150.0 87.0
146.0 90.0
146.0 90.0
145.0 93.0
145.0 92.0
146.0 92.0
147.0 92.0
147.0 92.0
147.0 92.0
148.0 97.0
129.0 111.0
127.0 111.0
127.0 110.0
124.0 108.0
127.0 106.0
131.0 104.0
133.0 103.0
133.0 103.0
134.0 104.0
135.0 103.0
nan nan
131.0 109.0
130.0 110.0
126.0 108.0
127.0 102.0
130.0 100.0
134.0 101.0
134.0 102.0
134.0 104.0
134.0 104.0
125.0 115.0
125.0 113.0
124.0 113.0
122.0 111.0
123.0 110.0
125.0 112.0
126.0 113.0
124.0 112.0
129.0 111.0
127.0 111.0
125.0 111.0
121.0 108.0
122.0 108.0
123.0 110.0
124.0 112.0
123.0 112.0
128.0 98.0
126.0 98.0
128.0 97.0
128.0 97.0
128.0 95.0
127.0 95.0
130.0 94.0
129.0 92.0
126.0 94.0
128.0 94.0
127.0 95.0
129.0 95.0
129.0 97.0
132.0 97.0
147.0 95.0
145.0 90.0
145.0 88.0
147.0 87.0
150.0 89.0
151.0 89.0
153.0 90.0
144.0 94.0
152.0 89.0
147.0 86.0
145.0 84.0
147.0 87.0
149.0 89.0
149.0 90.0
152.0 91.0
nan nan
100.0 120.0
102.0 121.0
101.0 123.0
100.0 124.0
97.0 125.0
96.0 123.0
96.0 123.0
97.0 122.0
100.0 120.0
95.0 117.0
97.0 118.0
97.0 122.0
95.0 124.0
93.0 125.0
92.0 123.0
94.0 124.0
95.0 122.0
99.0 122.0
125.0 110.0
121.0 110.0
119.0 109.0
119.0 106.0
117.0 105.0
119.0 104.0
116.0 104.0
119.0 105.0
117.0 105.0
126.0 103.0
126.0 107.0
124.0 111.0
121.0 110.0
116.0 107.0
117.0 106.0
116.0 101.0
117.0 104.0
nan nan
253.0 214.0
259.0 210.0
257.0 209.0
254.0 208.0
256.0 206.0
254.0 207.0
254.0 210.0
254.0 217.0
263.0 198.0
263.0 199.0
259.0 202.0
255.0 201.0
254.0 199.0
250.0 200.0
246.0 201.0
nan nan
147.0 90.0
147.0 90.0
147.0 89.0
149.0 89.0
152.0 88.0
153.0 88.0
157.0 88.0
159.0 89.0
161.0 89.0
151.0 86.0
149.0 89.0
149.0 88.0
150.0 87.0
153.0 85.0
154.0 86.0
158.0 88.0
157.0 91.0
156.0 88.0
111.0 130.0
112.0 129.0
112.0 129.0
109.0 131.0
107.0 132.0
106.0 131.0
105.0 133.0
106.0 129.0
108.0 130.0
106.0 126.0
107.0 126.0
108.0 127.0
104.0 132.0
100.0 132.0
100.0 131.0
101.0 133.0
104.0 129.0
104.0 129.0
124.0 78.0
123.0 78.0
124.0 78.0
124.0 76.0
124.0 75.0
126.0 74.0
129.0 74.0
131.0 75.0
132.0 78.0
nan nan
123.0 76.0
124.0 77.0
122.0 75.0
123.0 73.0
124.0 73.0
128.0 73.0
131.0 75.0
132.0 78.0
136.0 101.0
137.0 103.0
137.0 102.0
137.0 103.0
137.0 102.0
138.0 102.0
138.0 102.0
139.0 103.0
nan nan
nan nan
141.0 100.0
140.0 100.0
138.0 100.0
137.0 101.0
138.0 101.0
137.0 101.0
139.0 100.0
nan nan
108.0 128.0
109.0 129.0
109.0 129.0
108.0 128.0
109.0 127.0
109.0 128.0
108.0 128.0
109.0 127.0
108.0 128.0
106.0 127.0
105.0 127.0
107.0 125.0
106.0 125.0
108.0 126.0
107.0 127.0
107.0 128.0
106.0 127.0
107.0 127.0
106.0 129.0
nan nan
88.0 127.0
87.0 126.0
87.0 126.0
87.0 126.0
86.0 126.0
87.0 128.0
87.0 127.0
86.0 126.0
nan nan
84.0 125.0
87.0 126.0
86.0 126.0
86.0 126.0
85.0 129.0
84.0 128.0
nan nan
149.0 100.0
150.0 100.0
150.0 100.0
149.0 100.0
149.0 101.0
150.0 101.0
148.0 100.0
149.0 100.0
149.0 99.0
nan nan
149.0 93.0
150.0 96.0
152.0 97.0
149.0 97.0
148.0 98.0
148.0 98.0
147.0 99.0
149.0 97.0
150.0 99.0
nan nan
90.0 96.0
89.0 96.0
90.0 96.0
89.0 96.0
89.0 96.0
90.0 96.0
89.0 95.0
89.0 96.0
nan nan
91.0 92.0
90.0 95.0
89.0 95.0
88.0 96.0
88.0 96.0
88.0 94.0
90.0 97.0
128.0 108.0
128.0 112.0
129.0 111.0
129.0 111.0
128.0 111.0
129.0 111.0
129.0 112.0
128.0 110.0
128.0 110.0
nan nan
125.0 104.0
129.0 106.0
131.0 108.0
129.0 110.0
130.0 110.0
128.0 110.0
127.0 108.0
127.0 110.0
104.0 138.0
103.0 138.0
104.0 137.0
105.0 137.0
106.0 137.0
105.0 138.0
104.0 137.0
103.0 137.0
103.0 138.0
105.0 137.0
102.0 135.0
101.0 135.0
102.0 135.0
103.0 134.0
103.0 136.0
103.0 135.0
99.0 134.0
100.0 135.0
99.0 135.0
nan nan
99.0 143.0
99.0 143.0
100.0 143.0
100.0 143.0
100.0 143.0
100.0 142.0
100.0 141.0
95.0 142.0
97.0 141.0
98.0 142.0
98.0 142.0
100.0 142.0
99.0 141.0
101.0 139.0
130.0 100.0
130.0 102.0
130.0 101.0
128.0 101.0
131.0 100.0
130.0 101.0
132.0 102.0
128.0 96.0
129.0 99.0
130.0 99.0
127.0 98.0
129.0 97.0
129.0 98.0
130.0 100.0
114.0 86.0
112.0 85.0
112.0 84.0
115.0 84.0
118.0 84.0
116.0 87.0
118.0 84.0
115.0 86.0
114.0 85.0
117.0 83.0
119.0 84.0
117.0 88.0
116.0 86.0
116.0 86.0
115.0 85.0
116.0 86.0
116.0 87.0
116.0 86.0
116.0 87.0
116.0 86.0
115.0 87.0
117.0 85.0
nan nan
114.0 83.0
116.0 81.0
116.0 83.0
116.0 83.0
114.0 83.0
114.0 83.0
115.0 82.0
113.0 82.0
nan nan
129.0 107.0
128.0 107.0
129.0 107.0
130.0 108.0
128.0 107.0
128.0 106.0
128.0 106.0
nan nan
130.0 103.0
129.0 105.0
130.0 107.0
131.0 108.0
128.0 107.0
129.0 106.0
130.0 106.0
nan nan
124.0 91.0
124.0 91.0
123.0 91.0
123.0 90.0
124.0 91.0
123.0 91.0
122.0 91.0
124.0 87.0
123.0 89.0
122.0 90.0
122.0 89.0
122.0 89.0
123.0 89.0
119.0 89.0
118.0 128.0
118.0 131.0
118.0 130.0
118.0 129.0
120.0 128.0
121.0 130.0
121.0 130.0
123.0 132.0
121.0 126.0
121.0 128.0
120.0 130.0
119.0 130.0
122.0 128.0
122.0 129.0
120.0 129.0
123.0 132.0
107.0 68.0
107.0 68.0
107.0 68.0
106.0 68.0
106.0 68.0
107.0 67.0
107.0 67.0
107.0 68.0
108.0 67.0
109.0 67.0
109.0 68.0
110.0 66.0
111.0 67.0
112.0 69.0
109.0 67.0
109.0 68.0
107.0 67.0
107.0 67.0
107.0 67.0
108.0 66.0
107.0 66.0
107.0 66.0
108.0 65.0
109.0 65.0
110.0 66.0
109.0 65.0
111.0 66.0
113.0 68.0
119.0 128.0
119.0 131.0
118.0 130.0
118.0 129.0
120.0 129.0
121.0 130.0
122.0 130.0
122.0 132.0
121.0 125.0
121.0 128.0
120.0 130.0
119.0 130.0
122.0 129.0
122.0 128.0
120.0 129.0
nan nan
136.0 105.0
132.0 106.0
132.0 104.0
135.0 105.0
132.0 103.0
132.0 103.0
134.0 105.0
131.0 105.0
nan nan
134.0 105.0
132.0 105.0
134.0 105.0
132.0 104.0
131.0 103.0
133.0 103.0
nan nan
130.0 81.0
127.0 83.0
125.0 84.0
124.0 84.0
126.0 85.0
121.0 86.0
128.0 86.0
132.0 87.0
130.0 77.0
131.0 80.0
128.0 82.0
126.0 81.0
128.0 83.0
121.0 83.0
130.0 82.0
134.0 85.0
155.0 85.0
155.0 84.0
157.0 82.0
155.0 80.0
158.0 79.0
160.0 78.0
165.0 79.0
167.0 81.0
172.0 82.0
159.0 82.0
158.0 83.0
159.0 82.0
156.0 79.0
159.0 78.0
160.0 77.0
165.0 78.0
167.0 80.0
nan nan
126.0 106.0
128.0 106.0
129.0 105.0
130.0 104.0
131.0 104.0
131.0 103.0
129.0 105.0
129.0 105.0
129.0 105.0
130.0 103.0
132.0 103.0
132.0 103.0
115.0 75.0
115.0 76.0
115.0 76.0
116.0 76.0
116.0 77.0
115.0 77.0
114.0 76.0
114.0 76.0
114.0 76.0
116.0 59.0
117.0 59.0
117.0 59.0
117.0 58.0
117.0 58.0
118.0 58.0
119.0 59.0
120.0 57.0
nan nan
nan nan
117.0 76.0
118.0 76.0
117.0 75.0
117.0 76.0
114.0 76.0
113.0 76.0
113.0 75.0
115.0 59.0
115.0 58.0
115.0 58.0
117.0 58.0
116.0 57.0
117.0 57.0
119.0 57.0
119.0 56.0
67.0 109.0
69.0 109.0
69.0 110.0
68.0 111.0
69.0 111.0
69.0 111.0
68.0 109.0
68.0 109.0
68.0 108.0
67.0 108.0
67.0 107.0
67.0 107.0
66.0 107.0
66.0 106.0
67.0 107.0
67.0 107.0
65.0 107.0
66.0 109.0
67.0 108.0
67.0 110.0
67.0 111.0
68.0 110.0
67.0 109.0
67.0 109.0
66.0 109.0
67.0 109.0
65.0 109.0
64.0 107.0
63.0 108.0
64.0 108.0
64.0 108.0
65.0 108.0
129.0 104.0
128.0 105.0
125.0 105.0
127.0 105.0
127.0 104.0
128.0 105.0
127.0 102.0
128.0 104.0
126.0 104.0
126.0 105.0
127.0 105.0
130.0 105.0
106.0 111.0
104.0 113.0
105.0 113.0
103.0 115.0
103.0 116.0
102.0 116.0
103.0 116.0
103.0 115.0
102.0 116.0
104.0 115.0
103.0 115.0
104.0 114.0
107.0 105.0
108.0 107.0
108.0 108.0
107.0 108.0
106.0 108.0
105.0 109.0
105.0 109.0
105.0 108.0
103.0 108.0
105.0 106.0
106.0 106.0
nan nan
152.0 100.0
152.0 99.0
152.0 99.0
152.0 102.0
153.0 102.0
152.0 105.0
151.0 106.0
156.0 102.0
155.0 105.0
151.0 107.0
154.0 105.0
157.0 100.0
151.0 108.0
156.0 104.0
nan nan
152.0 95.0
154.0 94.0
153.0 94.0
154.0 98.0
152.0 98.0
151.0 101.0
150.0 103.0
154.0 97.0
153.0 100.0
151.0 103.0
153.0 100.0
155.0 95.0
152.0 103.0
155.0 98.0
nan nan
116.0 99.0
119.0 97.0
117.0 97.0
119.0 97.0
120.0 97.0
125.0 98.0
nan nan
121.0 97.0
119.0 94.0
117.0 94.0
120.0 97.0
121.0 99.0
124.0 102.0
nan nan
82.0 125.0
89.0 132.0
90.0 137.0
88.0 135.0
84.0 128.0
85.0 133.0
86.0 134.0
90.0 131.0
78.0 122.0
88.0 132.0
89.0 138.0
87.0 136.0
82.0 129.0
83.0 134.0
84.0 134.0
88.0 132.0
74.0 108.0
74.0 106.0
73.0 104.0
74.0 103.0
75.0 107.0
75.0 107.0
73.0 103.0
74.0 103.0
75.0 105.0
74.0 104.0
64.0 100.0
64.0 100.0
64.0 103.0
65.0 101.0
65.0 97.0
65.0 97.0
nan nan
70.0 105.0
69.0 102.0
70.0 103.0
73.0 108.0
73.0 108.0
72.0 104.0
72.0 103.0
74.0 107.0
74.0 105.0
64.0 102.0
63.0 100.0
63.0 103.0
65.0 100.0
65.0 96.0
nan nan
135.0 133.0
135.0 133.0
133.0 133.0
133.0 133.0
134.0 133.0
136.0 132.0
134.0 133.0
135.0 134.0
134.0 133.0
133.0 133.0
134.0 133.0
135.0 133.0
111.0 76.0
110.0 78.0
112.0 78.0
113.0 76.0
114.0 75.0
109.0 76.0
118.0 74.0
113.0 75.0
112.0 74.0
111.0 74.0
113.0 73.0
112.0 72.0
108.0 74.0
nan nan
99.0 93.0
100.0 94.0
100.0 95.0
100.0 93.0
98.0 94.0
99.0 95.0
100.0 95.0
103.0 95.0
nan nan
103.0 90.0
104.0 93.0
104.0 91.0
101.0 90.0
102.0 90.0
104.0 91.0
nan nan
104.0 83.0
104.0 84.0
104.0 85.0
103.0 85.0
103.0 86.0
102.0 86.0
101.0 86.0
101.0 86.0
101.0 86.0
101.0 86.0
100.0 85.0
100.0 85.0
101.0 85.0
100.0 85.0
nan nan
103.0 77.0
103.0 78.0
105.0 80.0
105.0 82.0
105.0 83.0
104.0 84.0
103.0 84.0
102.0 83.0
102.0 84.0
101.0 83.0
101.0 82.0
100.0 83.0
101.0 83.0
nan nan
nan nan
113.0 86.0
111.0 94.0
118.0 93.0
118.0 94.0
117.0 94.0
115.0 94.0
113.0 91.0
111.0 92.0
110.0 90.0
nan nan
nan nan
111.0 85.0
113.0 86.0
117.0 87.0
116.0 86.0
114.0 86.0
111.0 82.0
110.0 83.0
109.0 79.0
nan nan
91.0 109.0
92.0 111.0
93.0 113.0
94.0 111.0
93.0 111.0
91.0 112.0
92.0 105.0
89.0 102.0
88.0 100.0
87.0 96.0
88.0 106.0
88.0 107.0
89.0 112.0
90.0 110.0
88.0 110.0
86.0 112.0
87.0 105.0
86.0 101.0
84.0 97.0
85.0 95.0
107.0 86.0
107.0 88.0
109.0 88.0
108.0 89.0
110.0 89.0
109.0 88.0
104.0 86.0
106.0 88.0
107.0 87.0
107.0 85.0
106.0 83.0
109.0 84.0
106.0 82.0
110.0 80.0
111.0 80.0
112.0 80.0
114.0 82.0
113.0 82.0
113.0 83.0
112.0 83.0
108.0 82.0
109.0 83.0
110.0 81.0
110.0 79.0
110.0 79.0
112.0 78.0
109.0 76.0
nan nan
103.0 83.0
105.0 84.0
106.0 86.0
106.0 86.0
105.0 87.0
105.0 87.0
105.0 88.0
106.0 88.0
104.0 88.0
104.0 87.0
103.0 88.0
103.0 87.0
105.0 87.0
106.0 88.0
98.0 86.0
100.0 86.0
107.0 88.0
110.0 87.0
nan nan
105.0 84.0
107.0 84.0
107.0 85.0
105.0 86.0
105.0 87.0
106.0 88.0
106.0 87.0
104.0 86.0
104.0 87.0
102.0 86.0
103.0 86.0
104.0 87.0
105.0 86.0
98.0 85.0
100.0 85.0
109.0 85.0
111.0 85.0
139.0 113.0
140.0 113.0
138.0 114.0
139.0 114.0
140.0 112.0
140.0 112.0
144.0 112.0
147.0 113.0
142.0 109.0
142.0 110.0
140.0 112.0
138.0 114.0
138.0 111.0
138.0 112.0
142.0 114.0
145.0 116.0
115.0 113.0
117.0 113.0
119.0 112.0
119.0 112.0
121.0 111.0
121.0 112.0
125.0 111.0
118.0 112.0
118.0 111.0
119.0 112.0
116.0 110.0
118.0 110.0
120.0 113.0
122.0 114.0
115.0 73.0
112.0 74.0
111.0 74.0
111.0 74.0
112.0 73.0
112.0 74.0
112.0 74.0
115.0 74.0
116.0 75.0
116.0 74.0
118.0 73.0
119.0 74.0
120.0 74.0
115.0 72.0
115.0 72.0
117.0 72.0
nan nan
114.0 71.0
114.0 72.0
112.0 74.0
114.0 74.0
113.0 74.0
112.0 74.0
115.0 74.0
116.0 73.0
117.0 73.0
119.0 72.0
121.0 73.0
121.0 73.0
115.0 73.0
116.0 74.0
nan nan
152.0 103.0
152.0 104.0
152.0 105.0
150.0 105.0
150.0 106.0
150.0 105.0
150.0 105.0
nan nan
150.0 101.0
150.0 103.0
150.0 102.0
148.0 103.0
146.0 103.0
147.0 102.0
147.0 101.0
nan nan
